     0/199    0.923G   0.09174   0.02684   0.05361    0.1722        59       640    0.7715   0.04543   0.03773   0.01093    0.0699   0.02282   0.04381
     1/199     3.54G   0.06803   0.02263    0.0379    0.1286        77       640    0.4523    0.1923    0.1376   0.04043   0.06058   0.01833   0.03309
     2/199     3.93G   0.06416   0.02132    0.0309    0.1164        98       640     0.448    0.2172    0.1824   0.06291   0.05607   0.01954    0.0241
     3/199     3.93G   0.05806   0.02038   0.02551    0.1039        58       640    0.6076    0.2489    0.2575   0.09345   0.05059    0.0187   0.02091
     4/199     3.93G   0.05374   0.01961   0.02151   0.09486        20       640    0.6488     0.307    0.3298    0.1256   0.04883   0.01724   0.01611
     5/199     3.93G   0.05172    0.0193   0.01955   0.09057        47       640     0.618    0.3567    0.3665    0.1467   0.04601   0.01688    0.0153
     6/199     3.93G   0.04975   0.01867   0.01751   0.08593        96       640    0.5965    0.4225    0.4082    0.1597   0.04484   0.01595   0.01359
     7/199     3.93G   0.04826   0.01851   0.01591   0.08268       119       640     0.569    0.4535    0.4049    0.1743   0.04342   0.01593   0.01254
     8/199     3.93G   0.04772   0.01782   0.01477    0.0803        50       640    0.6721     0.435    0.4705    0.2103   0.04167   0.01557   0.01149
     9/199     3.93G   0.04608     0.018   0.01396   0.07805        51       640    0.6704    0.4472     0.479    0.2085   0.04158   0.01522   0.01102
    10/199     3.93G   0.04613   0.01788   0.01383   0.07784        51       640    0.6655    0.4654    0.4912    0.2161   0.04114   0.01547   0.01048
    11/199     3.93G   0.04548   0.01766   0.01261   0.07575        51       640    0.6583    0.4911    0.5036    0.2252   0.04016   0.01497  0.009653
    12/199     3.93G   0.04485   0.01726   0.01208   0.07419        97       640    0.6383    0.5437    0.5277    0.2427   0.03951   0.01495  0.009153
    13/199     3.93G   0.04404   0.01715   0.01178   0.07297        71       640    0.6796    0.5365    0.5331    0.2487   0.03865    0.0146  0.008834
    14/199     3.93G   0.04374    0.0171   0.01084   0.07167        45       640    0.6536    0.5416    0.5472    0.2563   0.03876   0.01473  0.009058
    15/199     3.93G   0.04341   0.01691   0.01064   0.07096        51       640     0.638    0.5759    0.5618    0.2513   0.03774   0.01466  0.008502
    16/199     3.93G   0.04259   0.01701   0.01057   0.07018        84       640    0.6577    0.5226    0.5403    0.2498   0.03865   0.01498  0.009282
    17/199     3.93G   0.04263   0.01672   0.01004   0.06939        35       640    0.7047    0.5562    0.5975    0.2792   0.03829    0.0145   0.00898
    18/199     3.93G   0.04243   0.01703   0.01003   0.06948        63       640    0.6804    0.5436    0.5814    0.2664     0.038    0.0145  0.007968
    19/199     3.93G   0.04159   0.01649  0.009466   0.06755        47       640    0.7373    0.5324    0.5944    0.2768   0.03748   0.01441   0.00851
    20/199     3.93G   0.04142   0.01619  0.009511   0.06712        64       640    0.6458    0.6142    0.6262    0.2878   0.03683   0.01431  0.007447
    21/199     3.93G   0.04113   0.01633  0.009388   0.06685        50       640    0.6596    0.6293    0.6407    0.2975   0.03696   0.01424   0.00731
    22/199     3.93G    0.0411   0.01611  0.008737   0.06595        42       640    0.6168    0.6262    0.6339    0.2987   0.03665   0.01414  0.007351
    23/199     3.93G   0.04108   0.01651  0.008635   0.06623        47       640    0.6918    0.5555    0.6061    0.2909   0.03636   0.01431  0.007994
    24/199     3.93G   0.04037    0.0161  0.008577   0.06505        40       640    0.6328    0.6361     0.637    0.3059    0.0366   0.01398  0.006953
    25/199     3.93G   0.04004   0.01606  0.008371   0.06448        56       640    0.6766    0.6214    0.6426    0.3084    0.0357   0.01401  0.006821
    26/199     3.93G   0.03992   0.01601  0.007967    0.0639        53       640    0.6803    0.6398    0.6636    0.3186   0.03537   0.01392  0.006746
    27/199     3.93G   0.03954   0.01594  0.007809   0.06329        61       640    0.7104    0.6047    0.6387    0.3054   0.03532   0.01391  0.007061
    28/199     3.93G   0.03959    0.0158   0.00774   0.06313        38       640    0.6905    0.6553    0.6621    0.3036   0.03526   0.01384  0.007004
    29/199     3.93G   0.03937   0.01586  0.008018   0.06325        34       640    0.7382    0.6386    0.6818    0.3224   0.03579   0.01392  0.007257
    30/199     3.93G   0.03913   0.01546  0.007767   0.06235        39       640    0.6902     0.655    0.6596    0.3221   0.03457   0.01365  0.006632
    31/199     3.93G   0.03908   0.01589   0.00767   0.06264        46       640    0.7113    0.6457    0.6787    0.3306   0.03456   0.01373  0.006988
    32/199     3.93G   0.03875    0.0157  0.007384   0.06183        56       640    0.7106    0.6586    0.6903    0.3353    0.0343   0.01358  0.006438
    33/199     3.93G   0.03897   0.01564  0.006998   0.06161        75       640    0.7422    0.6391    0.6867    0.3305   0.03412   0.01346  0.006498
    34/199     3.93G   0.03855   0.01554  0.007144   0.06123        47       640    0.6605    0.6752    0.6872    0.3321   0.03469   0.01359  0.006773
    35/199     3.93G   0.03859   0.01532  0.007121   0.06103        54       640    0.7408    0.6394    0.6956    0.3336   0.03413   0.01351  0.006331
    36/199     3.93G   0.03838   0.01552  0.007088   0.06099        52       640    0.7289    0.6442    0.6912    0.3375   0.03404   0.01358  0.006686
    37/199     3.93G   0.03787   0.01501  0.006441   0.05932        43       640    0.7333    0.6272    0.6891    0.3431   0.03415    0.0136  0.006493
    38/199     3.93G   0.03781   0.01522  0.006996   0.06003        55       640    0.7009    0.6628    0.6928    0.3473   0.03382   0.01343  0.006186
    39/199     3.93G   0.03769   0.01527  0.006429   0.05939        54       640    0.7394    0.6437    0.6989    0.3467    0.0333   0.01341  0.006062
    40/199     3.93G   0.03727   0.01518  0.006236   0.05869        58       640    0.7159    0.6892    0.7071    0.3526   0.03336   0.01332  0.006195
    41/199     3.93G   0.03748   0.01506  0.006626   0.05917        44       640    0.7436     0.669    0.7154    0.3543   0.03337   0.01341   0.00591
    42/199     3.93G    0.0376   0.01536  0.006532   0.05949        84       640    0.7437    0.6547    0.6988    0.3312   0.03324   0.01336  0.006289
    43/199     3.93G   0.03761    0.0153  0.006508   0.05942        72       640    0.7188    0.6864    0.7102    0.3541   0.03308   0.01339  0.005999
    44/199     3.93G   0.03705    0.0148  0.006199   0.05805        39       640    0.7147    0.6864    0.7042    0.3567    0.0333   0.01325   0.00596
    45/199     3.93G   0.03688   0.01466  0.006048   0.05758        45       640    0.7545     0.695    0.7292    0.3643   0.03287   0.01316  0.006136
    46/199     3.93G   0.03695   0.01504  0.006017   0.05801        79       640    0.7178    0.7059    0.7296    0.3556   0.03299   0.01319  0.005905
    47/199     3.93G   0.03699   0.01478  0.006334    0.0581        56       640     0.797    0.6665    0.7383     0.377   0.03263   0.01317   0.00607
    48/199     3.93G   0.03657     0.015  0.006056   0.05763        70       640    0.7305    0.6989    0.7178    0.3574   0.03252   0.01329  0.006119
    49/199     3.93G   0.03636   0.01498  0.005828   0.05717        38       640    0.7641    0.6707    0.7098    0.3548   0.03253   0.01323  0.005975
    50/199     3.93G   0.03667    0.0148  0.005918   0.05738        54       640    0.7544    0.6847    0.7358    0.3625   0.03233   0.01315  0.006023
    51/199     3.93G   0.03642   0.01475  0.005676   0.05684        66       640    0.7479    0.7096    0.7347    0.3753   0.03217   0.01308  0.005964
    52/199     3.93G   0.03603   0.01479  0.005663   0.05648        62       640    0.7374    0.6943    0.7185    0.3687   0.03265   0.01312  0.005878
    53/199     3.93G   0.03601   0.01448  0.005466   0.05596        49       640     0.795    0.6725    0.7321    0.3722   0.03217   0.01308  0.005944
    54/199     3.93G    0.0359   0.01442  0.005877   0.05619        48       640    0.7579    0.6743    0.7183    0.3654    0.0321   0.01315  0.005728
    55/199     3.93G   0.03606   0.01462  0.005706   0.05639        47       640    0.7745    0.6727    0.7305    0.3717   0.03229   0.01293  0.005896
    56/199     3.93G    0.0355   0.01478    0.0054   0.05568        46       640    0.7522    0.6935    0.7421    0.3847   0.03172   0.01285  0.005818
    57/199     3.93G   0.03548   0.01463  0.005082   0.05519        48       640    0.7383    0.7095     0.744    0.3723   0.03188     0.013   0.00585
    58/199     3.93G   0.03558   0.01462  0.005359   0.05557        39       640    0.7925    0.6586    0.7387    0.3862   0.03154   0.01288  0.005943
    59/199     3.93G   0.03526   0.01431  0.005087   0.05465        74       640    0.7451    0.7007     0.737    0.3845   0.03139   0.01287   0.00585
    60/199     3.93G    0.0351   0.01422  0.005143   0.05446        74       640     0.791    0.6988    0.7472    0.3834   0.03136   0.01284  0.005848
    61/199     3.93G   0.03542   0.01423  0.005284   0.05494        58       640    0.7722    0.7033    0.7469    0.3873   0.03112   0.01281  0.005822
    62/199     3.93G     0.035   0.01411  0.004978   0.05409        81       640    0.7571    0.7117    0.7501    0.3923   0.03134   0.01279  0.005569
    63/199     3.93G   0.03469   0.01409  0.004792   0.05358        54       640    0.7598    0.7166    0.7501    0.3893   0.03153    0.0129  0.005527
    64/199     3.93G   0.03495   0.01408  0.004812   0.05385        58       640    0.7722    0.7028    0.7444    0.3861   0.03124   0.01276  0.005815
    65/199     3.93G   0.03516   0.01429  0.005086   0.05454        34       640    0.7763    0.6939    0.7515    0.3948   0.03107   0.01277  0.005528
    66/199     3.93G    0.0348   0.01439  0.005205    0.0544        52       640    0.7786    0.6924     0.751    0.3918   0.03096   0.01264  0.005645
    67/199     3.93G   0.03477   0.01416  0.004827   0.05376        64       640    0.7856    0.7261    0.7624    0.3994   0.03078   0.01268  0.005533
    68/199     3.93G   0.03459   0.01411  0.004972   0.05368        45       640    0.7713    0.7271    0.7559     0.396   0.03094   0.01262  0.005764
    69/199     3.93G   0.03454     0.014  0.004884   0.05342        52       640    0.7602    0.7283    0.7632    0.3974    0.0309   0.01271  0.005659
    70/199     3.93G   0.03428     0.014  0.004962   0.05324        65       640    0.7773    0.7152     0.757    0.3973   0.03085   0.01265   0.00547
    71/199     3.93G   0.03424    0.0141  0.004935   0.05327        46       640    0.7567    0.7154    0.7473    0.3961   0.03079   0.01272  0.005477
    72/199     3.93G   0.03431   0.01414  0.004645   0.05309        75       640     0.789    0.7108    0.7574     0.402   0.03051   0.01267  0.005702
    73/199     3.93G   0.03408   0.01413  0.004558   0.05278        53       640    0.7856    0.6985    0.7438     0.398   0.03053   0.01263  0.005483
    74/199     3.93G   0.03411   0.01406  0.004677   0.05284        69       640    0.7883    0.7348    0.7733    0.4049    0.0306   0.01257  0.005438
    75/199     3.93G   0.03383    0.0139  0.004529   0.05227        60       640    0.7978    0.7058    0.7529    0.3963   0.03066   0.01258  0.005591
    76/199     3.93G   0.03393   0.01401  0.004366    0.0523        69       640    0.7954    0.7085    0.7651    0.3992   0.03065   0.01253  0.005514
    77/199     3.93G   0.03339   0.01381  0.004367   0.05156        48       640    0.7909     0.716    0.7685    0.4079   0.03025   0.01251  0.005409
    78/199     3.93G   0.03378   0.01391  0.004229   0.05192        59       640    0.7668    0.7284    0.7631    0.4045   0.03039   0.01247  0.005719
    79/199     3.93G    0.0337   0.01394  0.004386   0.05203        50       640    0.7744    0.7208     0.771    0.4079   0.03038    0.0125  0.005408
    80/199     3.93G   0.03349    0.0138  0.004254   0.05154        60       640    0.7898    0.7202    0.7676    0.4107   0.03051   0.01247  0.005719
    81/199     3.93G   0.03343   0.01372   0.00449   0.05164        52       640    0.7726    0.7388    0.7769    0.4114   0.03022   0.01245   0.00566
    82/199     3.93G   0.03319   0.01374  0.004247   0.05118        65       640    0.7954    0.7195    0.7693    0.4084   0.03029   0.01246  0.005683
    83/199     3.93G   0.03348   0.01383  0.004247   0.05155        64       640    0.7684    0.7464    0.7776    0.4112   0.03019   0.01251  0.005743
    84/199     3.93G   0.03304   0.01353  0.004412   0.05098        55       640    0.7842    0.7409    0.7795    0.4195   0.03006   0.01251   0.00541
    85/199     3.93G   0.03313    0.0136  0.004343   0.05107        55       640    0.7845     0.726    0.7687    0.4126   0.03004   0.01246  0.005433
    86/199     3.93G   0.03301   0.01349  0.004333   0.05084        37       640    0.8158    0.7317    0.7838     0.415   0.03004   0.01247  0.005432
    87/199     3.93G   0.03306   0.01367  0.004139   0.05086        50       640    0.7916    0.7274    0.7774    0.4119   0.02996    0.0124  0.005431
    88/199     3.93G   0.03298   0.01356  0.004054    0.0506        46       640    0.7939    0.7247    0.7738      0.42   0.03001   0.01237  0.005198
    89/199     3.93G   0.03277   0.01377   0.00422   0.05077        66       640    0.8044    0.7255    0.7819    0.4236   0.02987   0.01242  0.005251
    90/199     3.93G    0.0329   0.01347  0.004178   0.05055        46       640    0.7973    0.7371    0.7764    0.4155   0.02976   0.01238  0.005324
    91/199     3.93G   0.03268   0.01352  0.004134   0.05034        74       640    0.7849     0.731    0.7819    0.4226   0.02977   0.01234  0.005363
    92/199     3.93G   0.03262   0.01352  0.004083   0.05022        56       640    0.8062    0.7267     0.784    0.4207   0.02998   0.01236  0.005297
    93/199     3.93G    0.0325   0.01333  0.004233   0.05007        36       640    0.7724    0.7516    0.7809    0.4227   0.02992   0.01237  0.005363
    94/199     3.93G   0.03243   0.01363  0.004119   0.05018        40       640    0.8068    0.7359     0.787    0.4234   0.02978   0.01239  0.005548
    95/199     3.93G   0.03239   0.01342  0.004127   0.04993        50       640    0.8084    0.7313    0.7817    0.4207   0.02977    0.0124  0.005361
    96/199     3.93G   0.03228   0.01334  0.003719   0.04935        56       640     0.794    0.7281    0.7745    0.4174   0.02983   0.01238  0.005272
    97/199     3.93G   0.03224   0.01326  0.003678   0.04918        57       640    0.7685    0.7482    0.7752     0.421   0.02973    0.0123  0.005287
    98/199     3.93G   0.03199    0.0131  0.003931   0.04902        68       640    0.7956    0.7491    0.7814    0.4277    0.0297   0.01229  0.005287
    99/199     3.93G   0.03199    0.0131  0.003694   0.04879        49       640    0.7888    0.7485    0.7798    0.4241   0.02968    0.0123  0.005348
   100/199     3.93G   0.03215   0.01329  0.003775   0.04922        47       640    0.7822     0.752    0.7828    0.4252   0.02969   0.01232  0.005309
   101/199     3.93G    0.0318   0.01322  0.003844   0.04886        73       640    0.8257    0.7176    0.7796     0.429   0.02957   0.01231  0.005457
   102/199     3.93G   0.03192   0.01307  0.003855   0.04885        57       640    0.8201    0.7261    0.7815    0.4264   0.02939   0.01226  0.005479
   103/199     3.93G   0.03143   0.01328  0.003575   0.04828        63       640    0.7884    0.7436    0.7782    0.4281   0.02944   0.01226  0.005395
   104/199     3.93G   0.03158   0.01305  0.003915   0.04855        41       640    0.7804    0.7509    0.7822    0.4328   0.02952   0.01226  0.005266
   105/199     3.93G   0.03158   0.01354  0.003515   0.04863        44       640    0.8044    0.7267    0.7775    0.4298   0.02944   0.01225  0.005247
   106/199     3.93G    0.0315   0.01324  0.003644   0.04838        66       640    0.7726    0.7668    0.7801    0.4309   0.02952   0.01221  0.005176
   107/199     3.93G   0.03164   0.01318  0.003592   0.04841        52       640    0.7762    0.7629    0.7736    0.4279   0.02948   0.01224  0.005205
   108/199     3.93G   0.03131   0.01302   0.00368   0.04801        62       640    0.7992    0.7392    0.7797    0.4302   0.02934   0.01223   0.00522
   109/199     3.93G   0.03105   0.01318  0.003541   0.04777        57       640     0.803    0.7407    0.7824    0.4333   0.02929    0.0122  0.005304
   110/199     3.93G   0.03112   0.01275  0.003355   0.04723        54       640    0.7878    0.7503     0.779    0.4289   0.02931    0.0122  0.005348
   111/199     3.93G   0.03112   0.01273  0.003426   0.04727        46       640    0.7766    0.7457    0.7729    0.4288   0.02935   0.01222  0.005335
   112/199     3.93G   0.03104   0.01316  0.003387   0.04759        45       640    0.7882    0.7485     0.778    0.4264   0.02924   0.01221  0.005342
   113/199     3.93G   0.03081   0.01284  0.003416   0.04706        51       640    0.7754    0.7599    0.7796    0.4306   0.02917   0.01225  0.005219
   114/199     3.93G   0.03103   0.01308  0.003471   0.04758        58       640    0.7874    0.7397    0.7788    0.4304   0.02926   0.01224  0.005145
   115/199     3.93G   0.03073   0.01293  0.003511   0.04717        59       640    0.7913    0.7409     0.786    0.4354   0.02916   0.01217  0.005172
   116/199     3.93G   0.03056   0.01281  0.003145   0.04652        52       640    0.7944    0.7445    0.7846    0.4333   0.02915   0.01213  0.005317
   117/199     3.93G   0.03083   0.01287   0.00336   0.04707        62       640    0.7973     0.745    0.7895    0.4338   0.02913   0.01212  0.005403
   118/199     3.93G   0.03071   0.01268  0.003538   0.04692        73       640    0.7846    0.7587    0.7903    0.4343   0.02908   0.01211  0.005469
   119/199     3.93G    0.0304   0.01285  0.003027   0.04627        39       640    0.7855    0.7606    0.7935    0.4368   0.02908   0.01212  0.005455
   120/199     3.93G   0.03046   0.01283  0.003014    0.0463        57       640    0.8012    0.7534    0.7949    0.4417   0.02901   0.01214  0.005504
   121/199     3.93G   0.03017   0.01255  0.003304   0.04602        65       640    0.7906    0.7634    0.7946    0.4392   0.02899   0.01214  0.005534
   122/199     3.93G   0.03013   0.01283  0.003272   0.04623        43       640    0.7909    0.7598    0.7923    0.4393   0.02896   0.01217  0.005475
   123/199     3.93G   0.03013   0.01253  0.003208   0.04587        56       640    0.8002    0.7462    0.7918    0.4391   0.02896   0.01217  0.005494
   124/199     3.93G   0.02996   0.01272  0.003281   0.04596        75       640     0.796    0.7482    0.7907    0.4356   0.02897   0.01219  0.005414
   125/199     3.93G   0.03012   0.01258   0.00342   0.04611        65       640    0.7825    0.7594    0.7909    0.4355   0.02896    0.0122  0.005338
   126/199     3.93G   0.03004   0.01259  0.003128   0.04576        68       640    0.8037    0.7377    0.7919    0.4357   0.02899   0.01219  0.005341
   127/199     3.93G   0.02985   0.01266  0.003007   0.04552        62       640    0.8023    0.7491    0.7928    0.4377   0.02903    0.0122  0.005347
   128/199     3.93G   0.02961   0.01239  0.003249   0.04525        45       640    0.7837    0.7629    0.7914     0.437   0.02905    0.0122  0.005274
   129/199     3.93G   0.03003   0.01256  0.003137   0.04573        63       640    0.7899    0.7524    0.7893     0.441   0.02903    0.0122  0.005242
   130/199     3.93G   0.02991   0.01265  0.003134    0.0457        63       640    0.7873     0.762    0.7891    0.4395   0.02898   0.01221  0.005253
   131/199     3.93G   0.02971   0.01273   0.00294   0.04537        20       640     0.798    0.7541    0.7908    0.4403   0.02895   0.01218  0.005256
   132/199     3.93G   0.02921   0.01233  0.003093   0.04463        62       640    0.7975    0.7578    0.7901     0.437   0.02895   0.01218  0.005232
   133/199     3.93G   0.02957   0.01259  0.003044   0.04521        66       640    0.7975     0.758    0.7901     0.437   0.02894   0.01218  0.005248
   134/199     3.93G   0.02945   0.01259  0.002942   0.04498        53       640    0.7901    0.7644    0.7906    0.4378    0.0289   0.01217  0.005288
   135/199     3.93G   0.02907   0.01239  0.003017   0.04448        49       640    0.7943    0.7581    0.7933    0.4401   0.02885   0.01217   0.00533
   136/199     3.93G   0.02906   0.01254  0.002686   0.04429        63       640    0.8125    0.7451    0.7982    0.4402   0.02884   0.01217  0.005335
   137/199     3.93G   0.02878    0.0123  0.002907   0.04399        47       640    0.7927    0.7627    0.7995    0.4397   0.02884   0.01215  0.005302
   138/199     3.93G   0.02914   0.01251  0.002705   0.04436        55       640    0.7934    0.7602       0.8    0.4418   0.02884   0.01215  0.005301
   139/199     3.93G   0.02912   0.01209  0.002776   0.04399        57       640    0.7853    0.7677    0.7976    0.4391   0.02886   0.01215  0.005328
   140/199     3.93G   0.02909   0.01222  0.002952   0.04426        71       640    0.7807    0.7668    0.7954    0.4373   0.02886   0.01218   0.00538
   141/199     3.93G   0.02869   0.01242  0.002696   0.04381        56       640    0.8176    0.7383    0.7963     0.436   0.02884   0.01219  0.005402
   142/199     3.93G   0.02877   0.01213  0.002735   0.04363        76       640    0.8084    0.7469    0.7981     0.438   0.02882    0.0122  0.005414
   143/199     3.93G   0.02892   0.01217  0.002885   0.04398        77       640    0.7932    0.7638    0.7976    0.4374    0.0288    0.0122  0.005419
   144/199     3.93G   0.02885    0.0123  0.002762   0.04392        95       640    0.7921    0.7595    0.7951     0.439   0.02875    0.0122  0.005434
   145/199     3.93G   0.02864   0.01205  0.002725   0.04341        52       640    0.7951    0.7565    0.7968    0.4386   0.02879   0.01222   0.00545
   146/199     3.93G   0.02871   0.01222  0.002767   0.04369        51       640    0.8172    0.7302    0.7946    0.4392   0.02878   0.01224  0.005447
   147/199     3.93G   0.02879   0.01219  0.002794   0.04378        62       640    0.7718    0.7665    0.7938    0.4385   0.02878   0.01224  0.005425
   148/199     3.93G   0.02842   0.01199  0.002762   0.04317        43       640    0.8368    0.7169    0.7921    0.4373   0.02879   0.01224  0.005413
   149/199     3.93G   0.02837   0.01222  0.002605    0.0432        31       640    0.8138    0.7377    0.7934    0.4377   0.02878   0.01225   0.00542
   150/199     3.93G   0.02818   0.01203  0.002662   0.04287        47       640     0.819    0.7366    0.7954    0.4381   0.02877   0.01225  0.005389
   151/199     3.93G   0.02837   0.01185  0.002723   0.04294        49       640    0.8259    0.7333    0.7949    0.4386   0.02875   0.01223  0.005372
   152/199     3.93G   0.02815   0.01203   0.00262    0.0428        41       640    0.8314    0.7289     0.793    0.4378   0.02874   0.01223  0.005347
   153/199     3.93G   0.02813   0.01211   0.00249   0.04273        75       640    0.8284    0.7304    0.7946    0.4376   0.02875   0.01224  0.005347
   154/199     3.93G   0.02824   0.01185  0.002582   0.04267        49       640    0.8206    0.7355    0.7975    0.4377   0.02877   0.01224  0.005345
   155/199     3.93G   0.02805   0.01198  0.002517   0.04255        56       640    0.8247    0.7346    0.7947    0.4379   0.02878   0.01223   0.00535
   156/199     3.93G   0.02811   0.01204  0.002519   0.04266        54       640    0.8233    0.7344    0.7926    0.4379   0.02878   0.01222  0.005351
   157/199     3.93G   0.02786   0.01186  0.002521   0.04224        56       640    0.8213    0.7376    0.7958     0.439   0.02875   0.01221  0.005372
   158/199     3.93G   0.02751    0.0118  0.002421   0.04172        52       640    0.8046    0.7511    0.7998    0.4393   0.02872   0.01221  0.005396
   159/199     3.93G   0.02784   0.01195  0.002492   0.04228        60       640     0.815    0.7481    0.7982     0.442   0.02871    0.0122  0.005409
   160/199     3.93G   0.02774   0.01192  0.002509   0.04217        70       640    0.7995     0.758     0.797    0.4418   0.02872   0.01221  0.005436
   161/199     3.93G   0.02769   0.01173  0.002664   0.04208        48       640    0.8255    0.7345    0.7984    0.4428   0.02871   0.01221  0.005439
   162/199     3.93G   0.02774   0.01191  0.002526   0.04218        62       640    0.8164    0.7447    0.8009    0.4445   0.02871   0.01221  0.005453
   163/199     3.93G   0.02753    0.0118  0.002492   0.04182        56       640    0.8223    0.7393    0.7998    0.4445   0.02871   0.01221  0.005457
   164/199     3.93G   0.02743   0.01175  0.002488   0.04167        41       640    0.8171    0.7425    0.8003    0.4445   0.02872   0.01221  0.005477
   165/199     3.93G   0.02745   0.01184  0.002448   0.04173        38       640    0.8082    0.7492    0.8005    0.4421   0.02871   0.01221  0.005488
   166/199     3.93G   0.02756   0.01178  0.002653   0.04199        70       640    0.8193    0.7412    0.8013    0.4431   0.02871   0.01222    0.0055
   167/199     3.93G   0.02719   0.01177   0.00227   0.04124        45       640    0.7893    0.7686    0.8022    0.4416   0.02869   0.01222    0.0055
   168/199     3.93G   0.02741   0.01182  0.002491   0.04172        51       640    0.8274    0.7362    0.8012    0.4426   0.02868   0.01221  0.005493
   169/199     3.93G   0.02716    0.0117  0.002456   0.04132        50       640    0.8207    0.7425    0.8006    0.4439   0.02867   0.01221  0.005491
   170/199     3.93G   0.02726   0.01157  0.002337   0.04117        62       640    0.8244    0.7415    0.8014    0.4443   0.02866   0.01222  0.005513
   171/199     3.93G   0.02726   0.01179  0.002396   0.04144        82       640    0.8184    0.7407    0.7999    0.4449   0.02865   0.01222  0.005533
   172/199     3.93G   0.02736   0.01184  0.002378   0.04158        67       640    0.8215    0.7408    0.8021    0.4456   0.02863   0.01222  0.005551
   173/199     3.93G   0.02692   0.01163  0.002359   0.04092        54       640     0.823    0.7426    0.8011    0.4451   0.02863   0.01222  0.005555
   174/199     3.93G   0.02716   0.01141   0.00219   0.04076        48       640    0.8015    0.7609    0.8022    0.4457   0.02863   0.01222  0.005551
   175/199     3.93G   0.02703   0.01162  0.002431   0.04108        63       640    0.8053    0.7573    0.8009    0.4455   0.02862   0.01222  0.005537
   176/199     3.93G   0.02671   0.01151  0.002228   0.04045        59       640     0.805    0.7593    0.8016    0.4463    0.0286   0.01221  0.005542
   177/199     3.93G   0.02682    0.0116  0.002115   0.04053        64       640    0.8211     0.747    0.8025    0.4459    0.0286   0.01221   0.00555
   178/199     3.93G   0.02687   0.01153   0.00235   0.04074        60       640    0.8222    0.7461    0.8017    0.4457    0.0286   0.01221  0.005565
   179/199     3.93G   0.02681   0.01177   0.00232    0.0409        70       640    0.8174    0.7502    0.8014    0.4451   0.02859   0.01221  0.005567
   180/199     3.93G   0.02659   0.01158  0.002289   0.04047        61       640    0.8189     0.749    0.8016    0.4454   0.02858   0.01221   0.00556
   181/199     3.93G   0.02677   0.01165  0.002163   0.04058        49       640    0.8177    0.7495    0.8013    0.4459   0.02858   0.01221  0.005556
   182/199     3.93G   0.02663    0.0116  0.002297   0.04053        70       640    0.8227    0.7406    0.7995    0.4454   0.02858   0.01221  0.005559
   183/199     3.93G   0.02702    0.0117  0.002277   0.04101        49       640    0.8289    0.7384    0.7999    0.4447   0.02858   0.01221  0.005567
   184/199     3.93G   0.02665   0.01149  0.002296   0.04044        52       640    0.8273    0.7397    0.7998    0.4449   0.02857   0.01221  0.005573
   185/199     3.93G   0.02667   0.01142  0.002244   0.04034        59       640    0.8305    0.7416    0.8016    0.4452   0.02857   0.01221  0.005583
   186/199     3.93G   0.02672   0.01139  0.002088    0.0402        74       640    0.8289    0.7423    0.8015     0.445   0.02856   0.01221  0.005586
   187/199     3.93G   0.02665    0.0112  0.002294   0.04015        51       640    0.8312    0.7428    0.8034    0.4465   0.02856   0.01221  0.005589
   188/199     3.93G    0.0267   0.01152  0.002185   0.04041        55       640    0.8308    0.7441    0.8033    0.4475   0.02856   0.01222  0.005595
   189/199     3.93G   0.02649   0.01124  0.002118   0.03985        30       640    0.7992    0.7708    0.8026    0.4474   0.02856   0.01222  0.005596
   190/199     3.93G   0.02638   0.01142  0.002134   0.03993        44       640    0.8344    0.7405    0.8018    0.4474   0.02855   0.01222  0.005589
   191/199     3.93G   0.02612   0.01135  0.002136   0.03961        56       640    0.7949    0.7721    0.8032    0.4462   0.02855   0.01222  0.005585
   192/199     3.93G   0.02636   0.01138  0.002111   0.03985        49       640     0.828    0.7462     0.803    0.4458   0.02855   0.01222   0.00558
   193/199     3.93G   0.02637   0.01146  0.002119   0.03995        43       640    0.7941    0.7741    0.8012    0.4464   0.02855   0.01223  0.005569
   194/199     3.93G   0.02653   0.01149  0.002211   0.04023        56       640    0.8312    0.7438    0.8006    0.4467   0.02854   0.01223   0.00557
   195/199     3.93G    0.0262    0.0114  0.002127   0.03973        53       640     0.794    0.7735    0.7988    0.4469   0.02854   0.01223  0.005575
   196/199     3.93G   0.02629   0.01133  0.002365   0.03998        53       640    0.8205    0.7527    0.7978     0.447   0.02854   0.01223  0.005579
   197/199     3.93G   0.02642   0.01119  0.002178   0.03978        51       640     0.821    0.7526     0.798    0.4473   0.02854   0.01223  0.005583
   198/199     3.93G   0.02615   0.01142  0.002095   0.03966        55       640     0.819    0.7538     0.799    0.4472   0.02854   0.01223  0.005588
   199/199     3.93G   0.02627   0.01133  0.002168   0.03977        63       640    0.8287    0.7453    0.7973    0.4476   0.02854   0.01223  0.005594
